       2 -210.827
       4 -210.834
    6.02 -210.819
    8.04 -210.843
   10.06 -210.827
   12.08 -210.824
    14.1 -210.887
   16.12 -210.869
   18.14 -210.869
   20.16 -210.872
   22.18 -210.904
    24.2 -210.871
   26.22 -210.866
   28.24 -210.872
   30.26 -210.866
   32.28 -210.901
   34.28 -210.862
   36.28 -210.888
   38.28 -210.864
   40.28 -210.899
   42.28 -210.861
   44.28 -210.885
   46.28 -210.893
   48.28 -210.91
   50.28 -210.846
   52.28 -210.931
   54.28 -210.875
   56.28 -210.905
   58.28 -210.855
   60.28 -210.863
   62.28 -210.835
   64.28 -210.871
    66.3 -210.887
   68.32 -210.866
   70.34 -210.883
   72.36 -210.909
   74.38 -210.896
    76.4 -210.837
   78.42 -210.872
   80.44 -210.891
   82.46 -210.898
   84.48 -210.859
    86.5 -210.895
   88.52 -210.852
   90.54 -210.93
   92.56 -210.888
   94.58 -210.875
    96.6 -210.89
   98.62 -210.898
  100.64 -210.869
  102.66 -210.885
  104.68 -210.901
   106.7 -210.866
  108.72 -210.853
  110.74 -210.928
  112.76 -210.821
  114.78 -210.877
   116.8 -210.891
  118.82 -210.867
  120.84 -210.899
  122.86 -210.873
  124.88 -210.869
   126.9 -210.873
   128.9 -210.913
   130.9 -210.905
   132.9 -210.893
   134.9 -210.895
   136.9 -210.855
   138.9 -210.882
   140.9 -210.861
   142.9 -210.867
   144.9 -210.918
   146.9 -210.85
   148.9 -210.914
   150.9 -210.862
   152.9 -210.882
   154.9 -210.889
   156.9 -210.884
   158.9 -210.869
   160.9 -210.854
   162.9 -210.848
   164.9 -210.836
   166.9 -210.888
   168.9 -210.863
   170.9 -210.883
   172.9 -210.892
   174.9 -210.857
   176.9 -210.878
   178.9 -210.873
   180.9 -210.848
   182.9 -210.862
   184.9 -210.884
   186.9 -210.88
   188.9 -210.878
   190.9 -210.907
   192.9 -210.908
   194.9 -210.857
   196.9 -210.877
   198.9 -210.884
