       2 -210.832
   4.002 -210.832
   6.004 -210.832
   8.006 -210.832
  10.006 -210.832
  12.006 -210.832
  14.006 -210.832
  16.006 -210.832
  18.008 -210.832
   20.01 -210.832
  22.012 -210.832
  24.014 -210.832
  26.016 -210.832
  28.018 -210.832
   30.02 -210.832
  32.022 -210.832
  34.022 -210.833
  36.022 -210.832
  38.022 -210.832
  40.022 -210.832
  42.022 -210.832
  44.022 -210.832
  46.022 -210.832
  48.022 -210.832
  50.022 -210.832
  52.022 -210.832
  54.022 -210.832
  56.022 -210.833
  58.022 -210.832
  60.022 -210.832
  62.022 -210.832
  64.022 -210.833
  66.024 -210.832
  68.026 -210.832
  70.028 -210.832
   72.03 -210.832
  74.032 -210.832
  76.034 -210.832
  78.036 -210.832
  80.038 -210.832
   82.04 -210.832
  84.042 -210.832
  86.044 -210.832
  88.046 -210.832
  90.048 -210.832
   92.05 -210.832
  94.052 -210.832
  96.054 -210.832
  98.056 -210.833
 100.058 -210.832
  102.06 -210.832
 104.062 -210.832
 106.064 -210.832
 108.066 -210.832
 110.068 -210.832
  112.07 -210.833
 114.072 -210.832
 116.074 -210.832
 118.076 -210.832
 120.078 -210.832
  122.08 -210.832
 124.082 -210.832
 126.084 -210.832
 128.086 -210.833
 130.086 -210.832
 132.086 -210.832
 134.086 -210.832
 136.086 -210.832
 138.086 -210.832
 140.086 -210.832
 142.086 -210.832
 144.086 -210.832
 146.086 -210.832
 148.086 -210.832
 150.086 -210.833
 152.086 -210.832
 154.086 -210.832
 156.086 -210.832
 158.086 -210.832
 160.086 -210.832
 162.086 -210.832
 164.086 -210.832
 166.086 -210.832
 168.086 -210.832
 170.086 -210.832
 172.086 -210.832
 174.086 -210.833
 176.086 -210.833
 178.086 -210.832
 180.086 -210.832
 182.086 -210.832
 184.086 -210.833
 186.086 -210.833
 188.086 -210.832
 190.086 -210.832
 192.086 -210.833
 194.086 -210.832
 196.086 -210.832
 198.086 -210.833
