       2 -210.831
    4.01 -210.832
    6.02 -210.828
    8.03 -210.835
   10.04 -210.831
   12.05 -210.83
   14.06 -210.83
   16.07 -210.846
   18.07 -210.842
   20.07 -210.846
   22.07 -210.842
   24.07 -210.842
   26.07 -210.851
   28.07 -210.828
   30.07 -210.84
   32.07 -210.84
   34.08 -210.85
   36.09 -210.839
    38.1 -210.839
   40.11 -210.846
   42.12 -210.848
   44.13 -210.856
   46.14 -210.842
   48.15 -210.841
   50.16 -210.845
   52.17 -210.842
   54.18 -210.854
   56.19 -210.844
    58.2 -210.849
   60.21 -210.837
   62.22 -210.844
   64.23 -210.84
   66.23 -210.848
   68.23 -210.849
   70.23 -210.851
   72.23 -210.836
   74.23 -210.849
   76.23 -210.847
   78.23 -210.836
   80.23 -210.848
   82.23 -210.854
   84.23 -210.844
   86.23 -210.85
   88.23 -210.848
   90.23 -210.847
   92.23 -210.837
   94.23 -210.849
   96.23 -210.85
   98.23 -210.841
  100.23 -210.854
  102.23 -210.835
  104.23 -210.847
  106.23 -210.846
  108.23 -210.832
  110.23 -210.843
  112.23 -210.838
  114.23 -210.855
  116.23 -210.846
  118.23 -210.849
  120.23 -210.845
  122.23 -210.843
  124.23 -210.848
  126.23 -210.843
  128.23 -210.858
  130.24 -210.844
  132.25 -210.842
  134.26 -210.836
  136.27 -210.839
  138.28 -210.838
  140.29 -210.847
   142.3 -210.846
  144.31 -210.843
  146.32 -210.847
  148.33 -210.855
  150.34 -210.845
  152.35 -210.846
  154.36 -210.842
  156.37 -210.845
  158.38 -210.842
  160.39 -210.841
   162.4 -210.844
  164.41 -210.841
  166.42 -210.841
  168.43 -210.85
  170.44 -210.844
  172.45 -210.845
  174.46 -210.838
  176.47 -210.848
  178.48 -210.842
  180.49 -210.844
   182.5 -210.84
  184.51 -210.848
  186.52 -210.85
  188.53 -210.852
  190.54 -210.838
  192.55 -210.842
  194.56 -210.835
  196.57 -210.847
  198.58 -210.839
