       1 -127.259
       2 -127.257
    3.01 -127.25
    4.02 -127.254
    5.03 -127.252
    6.04 -127.255
    7.05 -127.244
    8.06 -127.248
    9.07 -127.253
   10.08 -127.248
   11.09 -127.25
    12.1 -127.254
   13.11 -127.248
   14.12 -127.249
   15.13 -127.248
   16.14 -127.248
   17.14 -127.253
   18.14 -127.249
   19.14 -127.253
   20.14 -127.249
   21.14 -127.245
   22.14 -127.243
   23.14 -127.254
   24.14 -127.251
   25.14 -127.25
   26.14 -127.252
   27.14 -127.256
   28.14 -127.241
   29.14 -127.246
   30.14 -127.25
   31.14 -127.244
   32.14 -127.248
   33.15 -127.249
   34.16 -127.255
   35.17 -127.243
   36.18 -127.252
   37.19 -127.249
    38.2 -127.246
   39.21 -127.246
   40.22 -127.256
   41.23 -127.255
   42.24 -127.242
   43.25 -127.253
   44.26 -127.25
   45.27 -127.245
   46.28 -127.249
   47.29 -127.244
    48.3 -127.244
   49.31 -127.244
   50.32 -127.246
   51.33 -127.249
   52.34 -127.247
   53.35 -127.246
   54.36 -127.24
   55.37 -127.243
   56.38 -127.251
   57.39 -127.243
    58.4 -127.241
   59.41 -127.256
   60.42 -127.247
   61.43 -127.251
   62.44 -127.242
   63.45 -127.241
   64.45 -127.252
   65.45 -127.25
   66.45 -127.243
   67.45 -127.248
   68.45 -127.246
   69.45 -127.25
   70.45 -127.249
   71.45 -127.243
   72.45 -127.244
   73.45 -127.243
   74.45 -127.242
   75.45 -127.248
   76.45 -127.245
   77.45 -127.248
   78.45 -127.248
   79.45 -127.245
   80.45 -127.248
   81.45 -127.251
   82.45 -127.255
   83.45 -127.243
   84.45 -127.251
   85.45 -127.248
   86.45 -127.247
   87.45 -127.242
   88.45 -127.245
   89.45 -127.242
   90.45 -127.246
   91.45 -127.242
   92.45 -127.247
   93.45 -127.245
   94.45 -127.244
   95.45 -127.242
   96.45 -127.238
   97.45 -127.244
   98.45 -127.245
   99.45 -127.241
