       1 -127.566
   2.005 -127.565
    3.01 -127.564
   4.015 -127.564
    5.02 -127.564
   6.025 -127.565
    7.03 -127.564
   8.035 -127.566
   9.035 -127.565
  10.035 -127.562
  11.035 -127.564
  12.035 -127.563
  13.035 -127.565
  14.035 -127.565
  15.035 -127.563
  16.035 -127.564
   17.04 -127.563
  18.045 -127.563
   19.05 -127.565
  20.055 -127.562
   21.06 -127.562
  22.065 -127.563
   23.07 -127.563
  24.075 -127.563
   25.08 -127.563
  26.085 -127.565
   27.09 -127.565
  28.095 -127.565
    29.1 -127.563
  30.105 -127.564
   31.11 -127.563
  32.115 -127.564
  33.115 -127.563
  34.115 -127.564
  35.115 -127.564
  36.115 -127.564
  37.115 -127.565
  38.115 -127.565
  39.115 -127.565
  40.115 -127.566
  41.115 -127.562
  42.115 -127.565
  43.115 -127.565
  44.115 -127.564
  45.115 -127.565
  46.115 -127.563
  47.115 -127.565
  48.115 -127.565
  49.115 -127.563
  50.115 -127.563
  51.115 -127.564
  52.115 -127.563
  53.115 -127.563
  54.115 -127.564
  55.115 -127.563
  56.115 -127.563
  57.115 -127.566
  58.115 -127.563
  59.115 -127.563
  60.115 -127.565
  61.115 -127.565
  62.115 -127.562
  63.115 -127.563
  64.115 -127.565
   65.12 -127.562
  66.125 -127.563
   67.13 -127.563
  68.135 -127.563
   69.14 -127.564
  70.145 -127.563
   71.15 -127.562
  72.155 -127.563
   73.16 -127.567
  74.165 -127.564
   75.17 -127.564
  76.175 -127.563
   77.18 -127.564
  78.185 -127.565
   79.19 -127.563
  80.195 -127.563
    81.2 -127.562
  82.205 -127.563
   83.21 -127.564
  84.215 -127.561
   85.22 -127.561
  86.225 -127.563
   87.23 -127.564
  88.235 -127.561
   89.24 -127.563
  90.245 -127.561
   91.25 -127.563
  92.255 -127.563
   93.26 -127.562
  94.265 -127.562
   95.27 -127.562
  96.275 -127.561
   97.28 -127.563
  98.285 -127.562
   99.29 -127.562
