       1 -127.688
   2.001 -127.688
   3.002 -127.688
   4.003 -127.688
   5.003 -127.688
   6.003 -127.688
   7.003 -127.688
   8.003 -127.688
   9.004 -127.688
  10.005 -127.688
  11.006 -127.688
  12.007 -127.688
  13.008 -127.688
  14.009 -127.688
   15.01 -127.688
  16.011 -127.688
  17.011 -127.688
  18.011 -127.688
  19.011 -127.688
  20.011 -127.688
  21.011 -127.688
  22.011 -127.688
  23.011 -127.688
  24.011 -127.688
  25.011 -127.688
  26.011 -127.688
  27.011 -127.688
  28.011 -127.688
  29.011 -127.688
  30.011 -127.688
  31.011 -127.688
  32.011 -127.688
  33.012 -127.688
  34.013 -127.688
  35.014 -127.688
  36.015 -127.688
  37.016 -127.688
  38.017 -127.688
  39.018 -127.688
  40.019 -127.688
   41.02 -127.688
  42.021 -127.688
  43.022 -127.688
  44.023 -127.688
  45.024 -127.688
  46.025 -127.688
  47.026 -127.688
  48.027 -127.688
  49.028 -127.688
  50.029 -127.688
   51.03 -127.688
  52.031 -127.688
  53.032 -127.688
  54.033 -127.688
  55.034 -127.688
  56.035 -127.688
  57.036 -127.688
  58.037 -127.688
  59.038 -127.688
  60.039 -127.688
   61.04 -127.688
  62.041 -127.688
  63.042 -127.688
  64.043 -127.688
  65.043 -127.688
  66.043 -127.688
  67.043 -127.688
  68.043 -127.688
  69.043 -127.688
  70.043 -127.688
  71.043 -127.688
  72.043 -127.688
  73.043 -127.688
  74.043 -127.688
  75.043 -127.688
  76.043 -127.688
  77.043 -127.688
  78.043 -127.688
  79.043 -127.688
  80.043 -127.688
  81.043 -127.688
  82.043 -127.688
  83.043 -127.688
  84.043 -127.688
  85.043 -127.688
  86.043 -127.688
  87.043 -127.688
  88.043 -127.688
  89.043 -127.688
  90.043 -127.688
  91.043 -127.688
  92.043 -127.688
  93.043 -127.688
  94.043 -127.688
  95.043 -127.688
  96.043 -127.688
  97.043 -127.688
  98.043 -127.688
  99.043 -127.688
