      21 -3342.86
      41 -3342.86
      61 -3342.86
      81 -3342.86
     101 -3342.86
     121 -3342.86
     141 -3342.86
     161 -3342.86
     181 -3342.86
     201 -3342.86
     221 -3342.86
     241 -3342.86
     261 -3342.86
     281 -3342.86
     301 -3342.86
     321 -3342.86
     341 -3342.86
     361 -3342.86
     381 -3342.86
     401 -3342.86
     421 -3342.86
     441 -3342.86
     461 -3342.86
     481 -3342.86
     501 -3342.86
     521 -3342.86
     541 -3342.86
     561 -3342.86
     581 -3342.86
     601 -3342.86
     621 -3342.86
     641 -3342.86
     661 -3342.86
     681 -3342.86
     701 -3342.86
     721 -3342.86
     741 -3342.86
     761 -3342.86
     781 -3342.86
     801 -3342.86
     821 -3342.86
     841 -3342.86
     861 -3342.86
     881 -3342.86
     901 -3342.86
     921 -3342.86
     941 -3342.86
     961 -3342.86
     981 -3342.86
    1001 -3342.86
    1021 -3342.86
    1041 -3342.86
    1061 -3342.86
    1081 -3342.86
    1101 -3342.86
    1121 -3342.86
    1141 -3342.86
    1161 -3342.86
    1181 -3342.86
    1201 -3342.86
    1221 -3342.86
    1241 -3342.86
    1261 -3342.86
    1281 -3342.86
    1301 -3342.86
    1321 -3342.86
    1341 -3342.86
    1361 -3342.86
    1381 -3342.86
    1401 -3342.86
    1421 -3342.86
    1441 -3342.86
    1461 -3342.86
    1481 -3342.86
    1501 -3342.86
    1521 -3342.86
    1541 -3342.86
    1561 -3342.86
    1581 -3342.86
    1601 -3342.86
    1621 -3342.86
    1641 -3342.86
    1661 -3342.86
    1681 -3342.86
    1701 -3342.86
    1721 -3342.86
    1741 -3342.86
    1761 -3342.86
    1781 -3342.86
    1801 -3342.86
    1821 -3342.86
    1841 -3342.86
    1861 -3342.86
    1881 -3342.86
    1901 -3342.86
    1921 -3342.86
    1941 -3342.86
    1961 -3342.86
    1981 -3342.86
    2001 -3342.86
    2021 -3342.86
    2041 -3342.86
    2061 -3342.86
    2081 -3342.86
    2101 -3342.86
    2121 -3342.86
    2141 -3342.86
    2161 -3342.86
    2181 -3342.86
    2201 -3342.86
    2221 -3342.86
    2241 -3342.86
    2261 -3342.86
    2281 -3342.86
    2301 -3342.86
    2321 -3342.86
    2341 -3342.86
    2361 -3342.86
    2381 -3342.86
    2401 -3342.86
    2421 -3342.86
    2441 -3342.86
    2461 -3342.86
    2481 -3342.86
    2501 -3342.86
    2521 -3342.86
    2541 -3342.86
    2561 -3342.86
    2581 -3342.86
    2601 -3342.86
    2621 -3342.86
    2641 -3342.86
    2661 -3342.86
    2681 -3342.86
    2701 -3342.86
    2721 -3342.86
    2741 -3342.86
    2761 -3342.86
    2781 -3342.86
    2801 -3342.86
    2821 -3342.86
    2841 -3342.86
    2861 -3342.86
    2881 -3342.86
    2901 -3342.86
    2921 -3342.86
    2941 -3342.86
    2961 -3342.86
    2981 -3342.86
    3001 -3342.86
    3021 -3342.86
    3041 -3342.86
    3061 -3342.86
    3081 -3342.86
    3101 -3342.86
    3121 -3342.86
    3141 -3342.86
    3161 -3342.86
    3181 -3342.86
    3201 -3342.86
    3221 -3342.86
    3241 -3342.86
    3261 -3342.86
    3281 -3342.86
    3301 -3342.86
    3321 -3342.86
    3341 -3342.86
    3361 -3342.86
    3381 -3342.86
    3401 -3342.86
    3421 -3342.86
    3441 -3342.86
    3461 -3342.86
    3481 -3342.86
    3501 -3342.86
    3521 -3342.86
    3541 -3342.86
    3561 -3342.86
    3581 -3342.86
    3601 -3342.86
    3621 -3342.86
    3641 -3342.86
    3661 -3342.86
    3681 -3342.86
    3701 -3342.86
    3721 -3342.86
    3741 -3342.86
    3761 -3342.86
    3781 -3342.86
    3801 -3342.86
    3821 -3342.86
    3841 -3342.86
    3861 -3342.86
    3881 -3342.86
    3901 -3342.86
    3921 -3342.86
    3941 -3342.86
    3961 -3342.86
    3981 -3342.86
    4001 -3342.86
    4021 -3342.86
    4041 -3342.86
    4061 -3342.86
    4081 -3342.86
    4101 -3342.86
    4121 -3342.86
    4141 -3342.86
    4161 -3342.86
    4181 -3342.86
    4201 -3342.86
    4221 -3342.86
    4241 -3342.86
    4261 -3342.86
    4281 -3342.86
    4301 -3342.86
    4321 -3342.86
    4341 -3342.86
    4361 -3342.86
    4381 -3342.86
    4401 -3342.86
    4421 -3342.86
    4441 -3342.86
    4461 -3342.86
    4481 -3342.86
    4501 -3342.86
    4521 -3342.86
    4541 -3342.86
    4561 -3342.86
    4581 -3342.86
    4601 -3342.86
    4621 -3342.86
    4641 -3342.86
    4661 -3342.86
    4681 -3342.86
    4701 -3342.86
    4721 -3342.86
    4741 -3342.86
    4761 -3342.86
    4781 -3342.86
    4801 -3342.86
    4821 -3342.86
    4841 -3342.86
    4861 -3342.86
    4881 -3342.86
    4901 -3342.86
    4921 -3342.86
    4941 -3342.86
    4961 -3342.86
    4981 -3342.86
    5001 -3342.86
    5021 -3342.86
    5041 -3342.86
    5061 -3342.86
    5081 -3342.86
    5101 -3342.86
    5121 -3342.86
    5141 -3342.86
    5161 -3342.86
    5181 -3342.86
    5201 -3342.86
    5221 -3342.86
    5241 -3342.86
    5261 -3342.86
    5281 -3342.86
    5301 -3342.86
    5321 -3342.86
    5341 -3342.86
    5361 -3342.86
    5381 -3342.86
    5401 -3342.86
    5421 -3342.86
    5441 -3342.86
    5461 -3342.86
    5481 -3342.86
    5501 -3342.86
    5521 -3342.86
    5541 -3342.86
    5561 -3342.86
    5581 -3342.86
    5601 -3342.86
    5621 -3342.86
    5641 -3342.86
    5661 -3342.86
    5681 -3342.86
    5701 -3342.86
    5721 -3342.86
    5741 -3342.86
    5761 -3342.86
    5781 -3342.86
    5801 -3342.86
    5821 -3342.86
    5841 -3342.86
    5861 -3342.86
    5881 -3342.86
    5901 -3342.86
    5921 -3342.86
    5941 -3342.86
    5961 -3342.86
    5981 -3342.86
    6001 -3342.86
    6021 -3342.86
    6041 -3342.86
    6061 -3342.86
    6081 -3342.86
    6101 -3342.86
    6121 -3342.86
    6141 -3342.86
    6161 -3342.86
    6181 -3342.86
    6201 -3342.86
    6221 -3342.86
    6241 -3342.86
    6261 -3342.86
    6281 -3342.86
    6301 -3342.86
    6321 -3342.86
    6341 -3342.86
    6361 -3342.86
    6381 -3342.86
    6401 -3342.86
    6421 -3342.86
    6441 -3342.86
    6461 -3342.86
    6481 -3342.86
    6501 -3342.86
    6521 -3342.86
    6541 -3342.86
    6561 -3342.86
    6581 -3342.86
    6601 -3342.86
    6621 -3342.86
    6641 -3342.86
    6661 -3342.86
    6681 -3342.86
    6701 -3342.86
    6721 -3342.86
    6741 -3342.86
    6761 -3342.86
    6781 -3342.86
    6801 -3342.86
    6821 -3342.86
    6841 -3342.86
    6861 -3342.86
    6881 -3342.86
    6901 -3342.86
    6921 -3342.86
    6941 -3342.86
    6961 -3342.86
    6981 -3342.86
    7001 -3342.86
    7021 -3342.86
    7041 -3342.86
    7061 -3342.86
    7081 -3342.86
    7101 -3342.86
    7121 -3342.86
    7141 -3342.86
    7161 -3342.86
    7181 -3342.86
    7201 -3342.86
    7221 -3342.86
    7241 -3342.86
    7261 -3342.86
    7281 -3342.86
    7301 -3342.86
    7321 -3342.86
    7341 -3342.86
    7361 -3342.86
    7381 -3342.86
    7401 -3342.86
    7421 -3342.86
    7441 -3342.86
    7461 -3342.86
    7481 -3342.86
    7501 -3342.87
    7521 -3342.86
    7541 -3342.86
    7561 -3342.86
    7581 -3342.86
    7601 -3342.86
    7621 -3342.86
    7641 -3342.86
    7661 -3342.86
    7681 -3342.86
    7701 -3342.86
    7721 -3342.86
    7741 -3342.86
    7761 -3342.86
    7781 -3342.86
    7801 -3342.86
    7821 -3342.86
    7841 -3342.86
    7861 -3342.86
    7881 -3342.86
    7901 -3342.86
    7921 -3342.86
    7941 -3342.86
    7961 -3342.86
    7981 -3342.86
    8001 -3342.86
    8021 -3342.86
    8041 -3342.86
    8061 -3342.86
    8081 -3342.86
    8101 -3342.86
    8121 -3342.86
    8141 -3342.86
    8161 -3342.86
    8181 -3342.86
    8201 -3342.86
    8221 -3342.86
    8241 -3342.86
    8261 -3342.86
    8281 -3342.86
    8301 -3342.86
    8321 -3342.86
    8341 -3342.86
    8361 -3342.86
    8381 -3342.86
    8401 -3342.86
    8421 -3342.86
    8441 -3342.86
    8461 -3342.86
    8481 -3342.86
    8501 -3342.86
    8521 -3342.86
    8541 -3342.86
    8561 -3342.86
    8581 -3342.86
    8601 -3342.86
    8621 -3342.86
    8641 -3342.86
    8661 -3342.86
    8681 -3342.86
    8701 -3342.86
    8721 -3342.86
    8741 -3342.86
    8761 -3342.86
    8781 -3342.86
    8801 -3342.86
    8821 -3342.86
    8841 -3342.86
    8861 -3342.86
    8881 -3342.86
    8901 -3342.86
    8921 -3342.86
    8941 -3342.86
    8961 -3342.86
    8981 -3342.86
    9001 -3342.86
    9021 -3342.86
    9041 -3342.86
    9061 -3342.86
    9081 -3342.86
    9101 -3342.86
    9121 -3342.86
    9141 -3342.86
    9161 -3342.86
    9181 -3342.86
    9201 -3342.86
    9221 -3342.86
    9241 -3342.86
    9261 -3342.86
    9281 -3342.86
    9301 -3342.86
    9321 -3342.86
    9341 -3342.86
    9361 -3342.86
    9381 -3342.86
    9401 -3342.86
    9421 -3342.86
    9441 -3342.86
    9461 -3342.86
    9481 -3342.86
    9501 -3342.86
    9521 -3342.86
    9541 -3342.86
    9561 -3342.86
    9581 -3342.86
    9601 -3342.86
    9621 -3342.86
    9641 -3342.86
    9661 -3342.86
    9681 -3342.86
    9701 -3342.86
    9721 -3342.86
    9741 -3342.86
    9761 -3342.86
    9781 -3342.86
    9801 -3342.86
    9821 -3342.86
    9841 -3342.86
    9861 -3342.86
    9881 -3342.86
    9901 -3342.86
    9921 -3342.86
    9941 -3342.86
    9961 -3342.86
    9981 -3342.86
