      30 -3342.79
      50 -3342.81
      70 -3342.83
      90 -3342.83
     110 -3342.83
     130 -3342.82
     150 -3342.81
     170 -3342.8
     190 -3342.79
     210 -3342.79
     230 -3342.8
     250 -3342.82
     270 -3342.82
     290 -3342.82
     310 -3342.81
     330 -3342.8
     350 -3342.8
     370 -3342.8
     390 -3342.79
     410 -3342.78
     430 -3342.78
     450 -3342.79
     470 -3342.8
     490 -3342.8
     510 -3342.8
     530 -3342.8
     550 -3342.8
     570 -3342.8
     590 -3342.8
     610 -3342.8
     630 -3342.8
     650 -3342.8
     670 -3342.8
     690 -3342.8
     710 -3342.8
     730 -3342.8
     750 -3342.81
     770 -3342.81
     790 -3342.82
     810 -3342.82
     830 -3342.81
     850 -3342.8
     870 -3342.8
     890 -3342.81
     910 -3342.81
     930 -3342.81
     950 -3342.81
     970 -3342.8
     990 -3342.8
    1010 -3342.8
    1030 -3342.81
    1050 -3342.81
    1070 -3342.82
    1090 -3342.81
    1110 -3342.81
    1130 -3342.8
    1150 -3342.8
    1170 -3342.81
    1190 -3342.82
    1210 -3342.82
    1230 -3342.81
    1250 -3342.8
    1270 -3342.8
    1290 -3342.81
    1310 -3342.82
    1330 -3342.82
    1350 -3342.81
    1370 -3342.81
    1390 -3342.8
    1410 -3342.8
    1430 -3342.8
    1450 -3342.8
    1470 -3342.8
    1490 -3342.8
    1510 -3342.81
    1530 -3342.81
    1550 -3342.81
    1570 -3342.8
    1590 -3342.79
    1610 -3342.8
    1630 -3342.81
    1650 -3342.82
    1670 -3342.81
    1690 -3342.8
    1710 -3342.79
    1730 -3342.8
    1750 -3342.81
    1770 -3342.81
    1790 -3342.81
    1810 -3342.81
    1830 -3342.83
    1850 -3342.83
    1870 -3342.81
    1890 -3342.8
    1910 -3342.8
    1930 -3342.8
    1950 -3342.81
    1970 -3342.82
    1990 -3342.82
    2010 -3342.81
    2030 -3342.82
    2050 -3342.84
    2070 -3342.85
    2090 -3342.84
    2110 -3342.8
    2130 -3342.82
    2150 -3342.82
    2170 -3342.77
    2190 -3342.77
    2210 -3342.84
    2230 -3342.88
    2250 -3342.85
    2270 -3342.81
    2290 -3342.8
    2310 -3342.81
    2330 -3342.82
    2350 -3342.83
    2370 -3342.81
    2390 -3342.79
    2410 -3342.81
    2430 -3342.84
    2450 -3342.85
    2470 -3342.83
    2490 -3342.82
    2510 -3342.8
    2530 -3342.8
    2550 -3342.8
    2570 -3342.81
    2590 -3342.81
    2610 -3342.81
    2630 -3342.81
    2650 -3342.8
    2670 -3342.8
    2690 -3342.81
    2710 -3342.82
    2730 -3342.83
    2750 -3342.82
    2770 -3342.81
    2790 -3342.8
    2810 -3342.8
    2830 -3342.8
    2850 -3342.8
    2870 -3342.8
    2890 -3342.82
    2910 -3342.84
    2930 -3342.83
    2950 -3342.82
    2970 -3342.83
    2990 -3342.84
    3010 -3342.83
    3030 -3342.83
    3050 -3342.84
    3070 -3342.83
    3090 -3342.81
    3110 -3342.8
    3130 -3342.8
    3150 -3342.81
    3170 -3342.86
    3190 -3342.89
    3210 -3342.83
    3230 -3342.78
    3250 -3342.84
    3270 -3342.84
    3290 -3342.8
    3310 -3342.79
    3330 -3342.81
    3350 -3342.84
    3370 -3342.86
    3390 -3342.85
    3410 -3342.84
    3430 -3342.82
    3450 -3342.81
    3470 -3342.81
    3490 -3342.81
    3510 -3342.8
    3530 -3342.8
    3550 -3342.81
    3570 -3342.82
    3590 -3342.83
    3610 -3342.83
    3630 -3342.81
    3650 -3342.8
    3670 -3342.8
    3690 -3342.82
    3710 -3342.82
    3730 -3342.8
    3750 -3342.79
    3770 -3342.79
    3790 -3342.8
    3810 -3342.82
    3830 -3342.83
    3850 -3342.82
    3870 -3342.8
    3890 -3342.8
    3910 -3342.82
    3930 -3342.84
    3950 -3342.84
    3970 -3342.82
    3990 -3342.81
    4010 -3342.81
    4030 -3342.82
    4050 -3342.84
    4070 -3342.84
    4090 -3342.82
    4110 -3342.81
    4130 -3342.82
    4150 -3342.85
    4170 -3342.85
    4190 -3342.81
    4210 -3342.79
    4230 -3342.82
    4250 -3342.84
    4270 -3342.84
    4290 -3342.83
    4310 -3342.82
    4330 -3342.82
    4350 -3342.84
    4370 -3342.85
    4390 -3342.84
    4410 -3342.83
    4430 -3342.83
    4450 -3342.81
    4470 -3342.81
    4490 -3342.84
    4510 -3342.85
    4530 -3342.83
    4550 -3342.81
    4570 -3342.8
    4590 -3342.81
    4610 -3342.82
    4630 -3342.83
    4650 -3342.81
    4670 -3342.79
    4690 -3342.79
    4710 -3342.82
    4730 -3342.85
    4750 -3342.84
    4770 -3342.82
    4790 -3342.8
    4810 -3342.78
    4830 -3342.79
    4850 -3342.83
    4870 -3342.85
    4890 -3342.84
    4910 -3342.81
    4930 -3342.81
    4950 -3342.82
    4970 -3342.83
    4990 -3342.83
    5010 -3342.82
    5030 -3342.83
    5050 -3342.81
    5070 -3342.8
    5090 -3342.83
    5110 -3342.87
    5130 -3342.85
    5150 -3342.81
    5170 -3342.82
    5190 -3342.84
    5210 -3342.85
    5230 -3342.86
    5250 -3342.86
    5270 -3342.84
    5290 -3342.8
    5310 -3342.78
    5330 -3342.82
    5350 -3342.88
    5370 -3342.89
    5390 -3342.85
    5410 -3342.82
    5430 -3342.81
    5450 -3342.85
    5470 -3342.88
    5490 -3342.83
    5510 -3342.78
    5530 -3342.82
    5550 -3342.86
    5570 -3342.86
    5590 -3342.83
    5610 -3342.79
    5630 -3342.82
    5650 -3342.87
    5670 -3342.86
    5690 -3342.83
    5710 -3342.79
    5730 -3342.79
    5750 -3342.81
    5770 -3342.83
    5790 -3342.84
    5810 -3342.83
    5830 -3342.83
    5850 -3342.83
    5870 -3342.81
    5890 -3342.77
    5910 -3342.79
    5930 -3342.83
    5950 -3342.85
    5970 -3342.84
    5990 -3342.82
    6010 -3342.8
    6030 -3342.8
    6050 -3342.82
    6070 -3342.82
    6090 -3342.82
    6110 -3342.85
    6130 -3342.91
    6150 -3342.87
    6170 -3342.76
    6190 -3342.83
    6210 -3342.89
    6230 -3342.87
    6250 -3342.81
    6270 -3342.81
    6290 -3342.86
    6310 -3342.89
    6330 -3342.86
    6350 -3342.81
    6370 -3342.82
    6390 -3342.84
    6410 -3342.86
    6430 -3342.87
    6450 -3342.84
    6470 -3342.81
    6490 -3342.8
    6510 -3342.84
    6530 -3342.87
    6550 -3342.85
    6570 -3342.82
    6590 -3342.83
    6610 -3342.85
    6630 -3342.85
    6650 -3342.84
    6670 -3342.83
    6690 -3342.81
    6710 -3342.82
    6730 -3342.83
    6750 -3342.84
    6770 -3342.83
    6790 -3342.82
    6810 -3342.79
    6830 -3342.79
    6850 -3342.83
    6870 -3342.83
    6890 -3342.83
    6910 -3342.83
    6930 -3342.82
    6950 -3342.8
    6970 -3342.81
    6990 -3342.82
    7010 -3342.82
    7030 -3342.81
    7050 -3342.81
    7070 -3342.83
    7090 -3342.82
    7110 -3342.81
    7130 -3342.85
    7150 -3342.85
    7170 -3342.82
    7190 -3342.8
    7210 -3342.83
    7230 -3342.86
    7250 -3342.85
    7270 -3342.83
    7290 -3342.83
    7310 -3342.83
    7330 -3342.82
    7350 -3342.83
    7370 -3342.86
    7390 -3342.87
    7410 -3342.81
    7430 -3342.77
    7450 -3342.83
    7470 -3342.9
    7490 -3342.9
    7510 -3342.85
    7530 -3342.79
    7550 -3342.79
    7570 -3342.84
    7590 -3342.87
    7610 -3342.86
    7630 -3342.85
    7650 -3342.84
    7670 -3342.84
    7690 -3342.83
    7710 -3342.81
    7730 -3342.8
    7750 -3342.79
    7770 -3342.81
    7790 -3342.86
    7810 -3342.88
    7830 -3342.85
    7850 -3342.8
    7870 -3342.79
    7890 -3342.83
    7910 -3342.85
    7930 -3342.83
    7950 -3342.79
    7970 -3342.8
    7990 -3342.83
    8010 -3342.86
    8030 -3342.85
    8050 -3342.82
    8070 -3342.8
    8090 -3342.8
    8110 -3342.82
    8130 -3342.84
    8150 -3342.86
    8170 -3342.86
    8190 -3342.83
    8210 -3342.79
    8230 -3342.79
    8250 -3342.81
    8270 -3342.83
    8290 -3342.88
    8310 -3342.89
    8330 -3342.86
    8350 -3342.82
    8370 -3342.8
    8390 -3342.81
    8410 -3342.83
    8430 -3342.85
    8450 -3342.87
    8470 -3342.87
    8490 -3342.82
    8510 -3342.81
    8530 -3342.85
    8550 -3342.85
    8570 -3342.82
    8590 -3342.82
    8610 -3342.84
    8630 -3342.86
    8650 -3342.86
    8670 -3342.83
    8690 -3342.8
    8710 -3342.78
    8730 -3342.81
    8750 -3342.87
    8770 -3342.88
    8790 -3342.84
    8810 -3342.81
    8830 -3342.82
    8850 -3342.83
    8870 -3342.84
    8890 -3342.83
    8910 -3342.8
    8930 -3342.8
    8950 -3342.82
    8970 -3342.82
    8990 -3342.82
    9010 -3342.82
    9030 -3342.82
    9050 -3342.82
    9070 -3342.82
    9090 -3342.82
    9110 -3342.82
    9130 -3342.82
    9150 -3342.8
    9170 -3342.81
    9190 -3342.82
    9210 -3342.82
    9230 -3342.82
    9250 -3342.82
    9270 -3342.84
    9290 -3342.85
    9310 -3342.83
    9330 -3342.79
    9350 -3342.77
    9370 -3342.81
    9390 -3342.88
    9410 -3342.89
    9430 -3342.85
    9450 -3342.8
    9470 -3342.8
    9490 -3342.85
    9510 -3342.88
    9530 -3342.82
    9550 -3342.8
    9570 -3342.84
    9590 -3342.86
    9610 -3342.85
    9630 -3342.82
    9650 -3342.81
    9670 -3342.8
    9690 -3342.8
    9710 -3342.82
    9730 -3342.85
    9750 -3342.86
    9770 -3342.84
    9790 -3342.81
    9810 -3342.84
    9830 -3342.85
    9850 -3342.83
    9870 -3342.82
    9890 -3342.83
    9910 -3342.82
    9930 -3342.82
    9950 -3342.83
    9970 -3342.83
    9990 -3342.81
