      25 -3342.84
      45 -3342.85
      65 -3342.85
      85 -3342.86
     105 -3342.86
     125 -3342.85
     145 -3342.85
     165 -3342.85
     185 -3342.85
     205 -3342.85
     225 -3342.85
     245 -3342.85
     265 -3342.85
     285 -3342.85
     305 -3342.85
     325 -3342.85
     345 -3342.85
     365 -3342.85
     385 -3342.85
     405 -3342.84
     425 -3342.84
     445 -3342.85
     465 -3342.85
     485 -3342.85
     505 -3342.85
     525 -3342.85
     545 -3342.85
     565 -3342.85
     585 -3342.85
     605 -3342.85
     625 -3342.85
     645 -3342.85
     665 -3342.85
     685 -3342.85
     705 -3342.85
     725 -3342.85
     745 -3342.85
     765 -3342.85
     785 -3342.85
     805 -3342.85
     825 -3342.85
     845 -3342.85
     865 -3342.85
     885 -3342.85
     905 -3342.85
     925 -3342.85
     945 -3342.85
     965 -3342.85
     985 -3342.85
    1005 -3342.85
    1025 -3342.85
    1045 -3342.85
    1065 -3342.85
    1085 -3342.85
    1105 -3342.85
    1125 -3342.85
    1145 -3342.85
    1165 -3342.85
    1185 -3342.85
    1205 -3342.85
    1225 -3342.85
    1245 -3342.85
    1265 -3342.85
    1285 -3342.85
    1305 -3342.85
    1325 -3342.85
    1345 -3342.85
    1365 -3342.85
    1385 -3342.85
    1405 -3342.85
    1425 -3342.85
    1445 -3342.85
    1465 -3342.85
    1485 -3342.85
    1505 -3342.85
    1525 -3342.85
    1545 -3342.85
    1565 -3342.85
    1585 -3342.85
    1605 -3342.85
    1625 -3342.85
    1645 -3342.85
    1665 -3342.85
    1685 -3342.85
    1705 -3342.85
    1725 -3342.85
    1745 -3342.85
    1765 -3342.85
    1785 -3342.85
    1805 -3342.85
    1825 -3342.85
    1845 -3342.86
    1865 -3342.85
    1885 -3342.85
    1905 -3342.85
    1925 -3342.85
    1945 -3342.85
    1965 -3342.85
    1985 -3342.85
    2005 -3342.85
    2025 -3342.85
    2045 -3342.86
    2065 -3342.86
    2085 -3342.86
    2105 -3342.85
    2125 -3342.85
    2145 -3342.85
    2165 -3342.85
    2185 -3342.84
    2205 -3342.85
    2225 -3342.87
    2245 -3342.87
    2265 -3342.86
    2285 -3342.85
    2305 -3342.85
    2325 -3342.85
    2345 -3342.86
    2365 -3342.85
    2385 -3342.85
    2405 -3342.85
    2425 -3342.85
    2445 -3342.86
    2465 -3342.86
    2485 -3342.85
    2505 -3342.85
    2525 -3342.85
    2545 -3342.85
    2565 -3342.85
    2585 -3342.85
    2605 -3342.85
    2625 -3342.85
    2645 -3342.85
    2665 -3342.85
    2685 -3342.85
    2705 -3342.85
    2725 -3342.85
    2745 -3342.85
    2765 -3342.85
    2785 -3342.85
    2805 -3342.85
    2825 -3342.85
    2845 -3342.85
    2865 -3342.85
    2885 -3342.85
    2905 -3342.86
    2925 -3342.86
    2945 -3342.86
    2965 -3342.85
    2985 -3342.86
    3005 -3342.86
    3025 -3342.86
    3045 -3342.86
    3065 -3342.86
    3085 -3342.85
    3105 -3342.85
    3125 -3342.85
    3145 -3342.85
    3165 -3342.86
    3185 -3342.87
    3205 -3342.87
    3225 -3342.85
    3245 -3342.85
    3265 -3342.86
    3285 -3342.85
    3305 -3342.85
    3325 -3342.85
    3345 -3342.86
    3365 -3342.86
    3385 -3342.86
    3405 -3342.86
    3425 -3342.86
    3445 -3342.85
    3465 -3342.85
    3485 -3342.85
    3505 -3342.85
    3525 -3342.85
    3545 -3342.85
    3565 -3342.85
    3585 -3342.85
    3605 -3342.86
    3625 -3342.85
    3645 -3342.85
    3665 -3342.85
    3685 -3342.85
    3705 -3342.85
    3725 -3342.85
    3745 -3342.85
    3765 -3342.85
    3785 -3342.85
    3805 -3342.85
    3825 -3342.85
    3845 -3342.86
    3865 -3342.85
    3885 -3342.85
    3905 -3342.85
    3925 -3342.86
    3945 -3342.86
    3965 -3342.86
    3985 -3342.85
    4005 -3342.85
    4025 -3342.85
    4045 -3342.86
    4065 -3342.86
    4085 -3342.86
    4105 -3342.85
    4125 -3342.85
    4145 -3342.86
    4165 -3342.86
    4185 -3342.86
    4205 -3342.85
    4225 -3342.85
    4245 -3342.86
    4265 -3342.86
    4285 -3342.86
    4305 -3342.86
    4325 -3342.85
    4345 -3342.86
    4365 -3342.86
    4385 -3342.86
    4405 -3342.86
    4425 -3342.85
    4445 -3342.85
    4465 -3342.85
    4485 -3342.85
    4505 -3342.86
    4525 -3342.86
    4545 -3342.85
    4565 -3342.85
    4585 -3342.85
    4605 -3342.85
    4625 -3342.85
    4645 -3342.85
    4665 -3342.85
    4685 -3342.84
    4705 -3342.85
    4725 -3342.86
    4745 -3342.86
    4765 -3342.86
    4785 -3342.85
    4805 -3342.85
    4825 -3342.84
    4845 -3342.85
    4865 -3342.86
    4885 -3342.86
    4905 -3342.86
    4925 -3342.85
    4945 -3342.85
    4965 -3342.85
    4985 -3342.85
    5005 -3342.85
    5025 -3342.86
    5045 -3342.86
    5065 -3342.85
    5085 -3342.85
    5105 -3342.86
    5125 -3342.87
    5145 -3342.86
    5165 -3342.85
    5185 -3342.86
    5205 -3342.86
    5225 -3342.86
    5245 -3342.86
    5265 -3342.86
    5285 -3342.86
    5305 -3342.84
    5325 -3342.84
    5345 -3342.86
    5365 -3342.87
    5385 -3342.87
    5405 -3342.86
    5425 -3342.85
    5445 -3342.85
    5465 -3342.87
    5485 -3342.87
    5505 -3342.85
    5525 -3342.84
    5545 -3342.86
    5565 -3342.87
    5585 -3342.86
    5605 -3342.85
    5625 -3342.85
    5645 -3342.86
    5665 -3342.87
    5685 -3342.86
    5705 -3342.85
    5725 -3342.85
    5745 -3342.85
    5765 -3342.85
    5785 -3342.86
    5805 -3342.86
    5825 -3342.86
    5845 -3342.86
    5865 -3342.86
    5885 -3342.85
    5905 -3342.84
    5925 -3342.85
    5945 -3342.86
    5965 -3342.86
    5985 -3342.86
    6005 -3342.85
    6025 -3342.85
    6045 -3342.85
    6065 -3342.85
    6085 -3342.85
    6105 -3342.86
    6125 -3342.87
    6145 -3342.88
    6165 -3342.86
    6185 -3342.84
    6205 -3342.86
    6225 -3342.87
    6245 -3342.86
    6265 -3342.85
    6285 -3342.86
    6305 -3342.87
    6325 -3342.87
    6345 -3342.86
    6365 -3342.85
    6385 -3342.85
    6405 -3342.86
    6425 -3342.87
    6445 -3342.86
    6465 -3342.86
    6485 -3342.85
    6505 -3342.85
    6525 -3342.86
    6545 -3342.87
    6565 -3342.86
    6585 -3342.85
    6605 -3342.86
    6625 -3342.86
    6645 -3342.86
    6665 -3342.86
    6685 -3342.85
    6705 -3342.85
    6725 -3342.85
    6745 -3342.86
    6765 -3342.86
    6785 -3342.86
    6805 -3342.85
    6825 -3342.84
    6845 -3342.85
    6865 -3342.86
    6885 -3342.86
    6905 -3342.86
    6925 -3342.86
    6945 -3342.85
    6965 -3342.85
    6985 -3342.85
    7005 -3342.85
    7025 -3342.85
    7045 -3342.85
    7065 -3342.85
    7085 -3342.86
    7105 -3342.85
    7125 -3342.85
    7145 -3342.86
    7165 -3342.86
    7185 -3342.85
    7205 -3342.85
    7225 -3342.86
    7245 -3342.86
    7265 -3342.86
    7285 -3342.86
    7305 -3342.86
    7325 -3342.85
    7345 -3342.85
    7365 -3342.86
    7385 -3342.87
    7405 -3342.86
    7425 -3342.85
    7445 -3342.84
    7465 -3342.86
    7485 -3342.88
    7505 -3342.87
    7525 -3342.86
    7545 -3342.84
    7565 -3342.85
    7585 -3342.86
    7605 -3342.87
    7625 -3342.86
    7645 -3342.86
    7665 -3342.86
    7685 -3342.86
    7705 -3342.85
    7725 -3342.85
    7745 -3342.85
    7765 -3342.85
    7785 -3342.85
    7805 -3342.86
    7825 -3342.87
    7845 -3342.86
    7865 -3342.85
    7885 -3342.85
    7905 -3342.86
    7925 -3342.86
    7945 -3342.85
    7965 -3342.85
    7985 -3342.85
    8005 -3342.86
    8025 -3342.86
    8045 -3342.86
    8065 -3342.85
    8085 -3342.85
    8105 -3342.85
    8125 -3342.85
    8145 -3342.86
    8165 -3342.86
    8185 -3342.86
    8205 -3342.86
    8225 -3342.85
    8245 -3342.84
    8265 -3342.85
    8285 -3342.86
    8305 -3342.87
    8325 -3342.87
    8345 -3342.86
    8365 -3342.85
    8385 -3342.85
    8405 -3342.85
    8425 -3342.86
    8445 -3342.86
    8465 -3342.87
    8485 -3342.86
    8505 -3342.85
    8525 -3342.85
    8545 -3342.86
    8565 -3342.86
    8585 -3342.85
    8605 -3342.85
    8625 -3342.86
    8645 -3342.86
    8665 -3342.86
    8685 -3342.86
    8705 -3342.85
    8725 -3342.85
    8745 -3342.85
    8765 -3342.86
    8785 -3342.87
    8805 -3342.86
    8825 -3342.85
    8845 -3342.85
    8865 -3342.86
    8885 -3342.86
    8905 -3342.85
    8925 -3342.85
    8945 -3342.85
    8965 -3342.85
    8985 -3342.85
    9005 -3342.86
    9025 -3342.85
    9045 -3342.85
    9065 -3342.85
    9085 -3342.85
    9105 -3342.85
    9125 -3342.86
    9145 -3342.85
    9165 -3342.85
    9185 -3342.85
    9205 -3342.85
    9225 -3342.85
    9245 -3342.85
    9265 -3342.85
    9285 -3342.86
    9305 -3342.86
    9325 -3342.85
    9345 -3342.85
    9365 -3342.85
    9385 -3342.85
    9405 -3342.87
    9425 -3342.87
    9445 -3342.86
    9465 -3342.85
    9485 -3342.85
    9505 -3342.86
    9525 -3342.86
    9545 -3342.86
    9565 -3342.85
    9585 -3342.86
    9605 -3342.86
    9625 -3342.86
    9645 -3342.85
    9665 -3342.85
    9685 -3342.85
    9705 -3342.85
    9725 -3342.85
    9745 -3342.86
    9765 -3342.86
    9785 -3342.86
    9805 -3342.85
    9825 -3342.86
    9845 -3342.86
    9865 -3342.86
    9885 -3342.85
    9905 -3342.85
    9925 -3342.85
    9945 -3342.85
    9965 -3342.86
    9985 -3342.85
