     510 0.00188684
    1020 0.00694669
    1530 0.000941945
    2040 0.00718929
    2550 0.000900377
    3060 0.00606713
    3570 0.00281098
    4080 0.00507939
    4590 0.00346106
    5100 0.00330316
    5610 0.00411125
    6120 0.00283057
    6630 0.00489021
    7140 0.00172305
    7650 0.00487412
    8160 0.00203215
    8670 0.00474983
    9180 0.00292178
    9690 0.00393902
   10200 0.00307569
   10710 0.00323073
   11220 0.00417417
   11730 0.00298977
   12240 0.00433649
   12750 0.00233282
   13260 0.00435985
   13770 0.0029815
   14280 0.00438133
   14790 0.00331221
   15300 0.00386732
   15810 0.00343168
   16320 0.00389036
   16830 0.00429279
   17340 0.00363752
   17850 0.00423687
   18360 0.00328879
   18870 0.00443788
   19380 0.00379612
   19890 0.00434481
   20400 0.00374119
   20910 0.00415635
   21420 0.00420951
   21930 0.00429034
   22440 0.00434843
   22950 0.00389999
   23460 0.00445215
   23970 0.00405752
   24480 0.0048573
   24990 0.00439102
   25500 0.00458437
   26010 0.00408862
   26520 0.00462014
   27030 0.00464805
   27540 0.00483219
   28050 0.00465066
   28560 0.00434953
   29070 0.00469537
   29580 0.00479257
   30090 0.00514675
   30600 0.0048259
   31110 0.00478448
   31620 0.00468137
   32130 0.00499274
   32640 0.00524166
   33150 0.00493218
   33660 0.00503853
   34170 0.00472757
   34680 0.00515418
   35190 0.00527294
   35700 0.00526998
   36210 0.00515189
   36720 0.00506863
   37230 0.00519444
   37740 0.00518387
   38250 0.00548178
   38760 0.0052299
   39270 0.00518302
   39780 0.00520226
   40290 0.00537524
   40800 0.00554309
   41310 0.00526709
   41820 0.00532777
   42330 0.00534154
   42840 0.00550373
   43350 0.00545329
   43860 0.00552765
   44370 0.00547158
   44880 0.00541864
   45390 0.00564094
   45900 0.00563454
   46410 0.00575948
   46920 0.00563477
   47430 0.00572423
   47940 0.00560755
   48450 0.005856
   48960 0.00578088
   49470 0.00580642
   49980 0.00565659
   50490 0.0056915
   51000 0.00568598
   51510 0.00590593
   52020 0.00588907
   52530 0.00563315
   53040 0.00584849
   53550 0.00575018
   54060 0.00599045
   54570 0.00601479
   55080 0.00588024
   55590 0.00586425
   56100 0.00576161
   56610 0.00589524
   57120 0.005881
   57630 0.00608522
   58140 0.00589604
   58650 0.00603109
   59160 0.0058818
   59670 0.00613979
   60180 0.0060671
   60690 0.00614196
   61200 0.00608995
   61710 0.00598251
   62220 0.00606424
   62730 0.00605541
   63240 0.00626509
   63750 0.0060534
   64260 0.00612727
   64770 0.00583489
   65280 0.00597831
   65790 0.00615848
   66300 0.00600051
   66810 0.00587062
   67320 0.00547131
   67830 0.00511178
   68340 0.00496399
   68850 0.0051196
   69360 0.00483842
   69870 0.00483529
   70380 0.00440656
   70890 0.00441683
   71400 0.00420728
   71910 0.00444595
   72420 0.00435343
   72930 0.00416815
   73440 0.00420639
   73950 0.00400579
   74460 0.00418134
   74970 0.00391244
   75480 0.00405983
   75990 0.00409944
   76500 0.00421529
   77010 0.00438932
   77520 0.00418343
   78030 0.00436345
   78540 0.00412293
   79050 0.00447854
   79560 0.00427205
   80070 0.00437785
   80580 0.00420155
   81090 0.00420908
   81600 0.00430304
   82110 0.00444231
   82620 0.00446529
   83130 0.00444094
   83640 0.00453325
   84150 0.00445114
   84660 0.00460574
   85170 0.00448639
   85680 0.0044979
   86190 0.0045706
   86700 0.00448919
   87210 0.00467227
   87720 0.00457678
   88230 0.00475412
   88740 0.00470756
   89250 0.00475407
   89760 0.00478706
   90270 0.00469696
   90780 0.00492505
   91290 0.00481885
   91800 0.00490046
   92310 0.00480046
   92820 0.00502597
   93330 0.00498745
   93840 0.00489011
   94350 0.00483728
   94860 0.00477585
   95370 0.00481087
   95880 0.00441158
   96390 0.00462495
   96900 0.00432127
   97410 0.00449787
   97920 0.00468504
   98430 0.00446991
   98940 0.00465625
   99450 0.0041855
   99960 0.00452113
