     510 0.00230454
    1020 -0.000835406
    1530 -0.00153523
    2040 0.00641098
    2550 0.00962401
    3060 0.00678099
    3570 0.000441016
    4080 -0.00311647
    4590 0.00388773
    5100 0.00803306
    5610 0.00907838
    6120 0.00344857
    6630 -0.00075877
    7140 -0.000683979
    7650 0.00668843
    8160 0.0110657
    8670 0.00796617
    9180 0.00228156
    9690 -0.00051741
   10200 0.00601924
   10710 0.00942741
   11220 0.0104276
   11730 0.00332682
   12240 -0.000847985
   12750 0.00154951
   13260 0.00888266
   13770 0.0106884
   14280 0.00592069
   14790 0.000596934
   15300 -7.4301e-05
   15810 0.00703186
   16320 0.0109268
   16830 0.01044
   17340 0.00353132
   17850 0.00130326
   18360 0.0053666
   18870 0.0113109
   19380 0.0111874
   19890 0.00551764
   20400 0.000918278
   20910 0.00278684
   21420 0.00925972
   21930 0.0112791
   22440 0.00845897
   22950 0.00219729
   23460 0.00206324
   23970 0.0072886
   24480 0.0122905
   24990 0.0111409
   25500 0.00583395
   26010 0.00319017
   26520 0.0067361
   27030 0.0119908
   27540 0.0118489
   28050 0.0076815
   28560 0.00291733
   29070 0.00476727
   29580 0.0096022
   30090 0.0122747
   30600 0.00941771
   31110 0.00441189
   31620 0.00374937
   32130 0.00830891
   32640 0.0125861
   33150 0.0116008
   33660 0.00766886
   34170 0.00500599
   34680 0.00809103
   35190 0.0121398
   35700 0.0126801
   36210 0.0090545
   36720 0.00525623
   37230 0.00617108
   37740 0.010218
   38250 0.012425
   38760 0.0103317
   39270 0.00652566
   39780 0.00542919
   40290 0.00903754
   40800 0.0122631
   41310 0.0121265
   41820 0.00882139
   42330 0.00685005
   42840 0.00905057
   43350 0.0123257
   43860 0.0129314
   44370 0.0101026
   44880 0.00721069
   45390 0.00751864
   45900 0.0106057
   46410 0.012302
   46920 0.0108669
   47430 0.00781931
   47940 0.00695538
   48450 0.00943032
   48960 0.0120572
   49470 0.0118365
   49980 0.00953569
   50490 0.00810811
   51000 0.00961843
   51510 0.0121865
   52020 0.0126312
   52530 0.0108442
   53040 0.00860975
   53550 0.00879029
   54060 0.0106377
   54570 0.0117644
   55080 0.0104774
   55590 0.00839264
   56100 0.00767863
   56610 0.00922537
   57120 0.0107758
   57630 0.0105703
   58140 0.00909297
   58650 0.00814725
   59160 0.00919506
   59670 0.0106402
   60180 0.0109279
   60690 0.00949737
   61200 0.00819483
   61710 0.00810585
   62220 0.00911471
   62730 0.0093642
   63240 0.00857569
   63750 0.00745198
   64260 0.0072003
   64770 0.00798028
   65280 0.00861989
   65790 0.00838435
   66300 0.00752854
   66810 0.00714794
   67320 0.00737131
   67830 0.00806212
   68340 0.00792183
   68850 0.00723668
   69360 0.00637803
   69870 0.00608803
   70380 0.00633522
   70890 0.00625181
   71400 0.00573077
   71910 0.00505407
   72420 0.00473437
   72930 0.00488112
   73440 0.00533603
   73950 0.00536372
   74460 0.00500474
   74970 0.00462864
   75480 0.00496305
   75990 0.00562784
   76500 0.00600275
   77010 0.00584438
   77520 0.00531502
   78030 0.00529596
   78540 0.00553406
   79050 0.00581786
   79560 0.00558818
   80070 0.00511116
   80580 0.00504262
   81090 0.00538033
   81600 0.00588344
   82110 0.00590795
   82620 0.00561998
   83130 0.00549509
   83640 0.00592244
   84150 0.0065471
   84660 0.00674075
   85170 0.00641182
   85680 0.00606501
   86190 0.0061977
   86700 0.00650981
   87210 0.00681502
   87720 0.00654364
   88230 0.00613168
   88740 0.00600495
   89250 0.00642842
   89760 0.0067802
   90270 0.00676867
   90780 0.00637223
   91290 0.00616935
   91800 0.00639149
   92310 0.00680728
   92820 0.00690276
   93330 0.00658385
   93840 0.00628272
   94350 0.00626858
   94860 0.00658727
   95370 0.00665539
   95880 0.00649484
   96390 0.00610092
   96900 0.00614772
   97410 0.0064505
   97920 0.00677759
   98430 0.00657123
   98940 0.00624493
   99450 0.00617799
   99960 0.00648535
