     510 0.00169243
    1020 0.00728025
    1530 0.000813207
    2040 0.00742259
    2550 0.000822759
    3060 0.00631127
    3570 0.0025317
    4080 0.00527292
    4590 0.00316896
    5100 0.00377627
    5610 0.0036353
    6120 0.00348013
    6630 0.00466323
    7140 0.00222004
    7650 0.00463782
    8160 0.0020253
    8670 0.00513112
    9180 0.00279579
    9690 0.00469379
   10200 0.00277716
   10710 0.00406276
   11220 0.00378644
   11730 0.00368212
   12240 0.00423812
   12750 0.00315899
   13260 0.00450587
   13770 0.00301768
   14280 0.00520826
   14790 0.0031369
   15300 0.00437863
   15810 0.00347386
   16320 0.00433633
   16830 0.00417851
   17340 0.00418813
   17850 0.00434066
   18360 0.0039467
   18870 0.00461421
   19380 0.00424422
   19890 0.00496488
   20400 0.0041655
   20910 0.00484126
   21420 0.00411913
   21930 0.00517204
   22440 0.00477642
   22950 0.00511883
   23460 0.00457901
   23970 0.00477614
   24480 0.00484929
   24990 0.00501886
   25500 0.00517382
   26010 0.00468173
   26520 0.00510898
   27030 0.00489287
   27540 0.00554464
   28050 0.00537825
   28560 0.00539222
   29070 0.00514382
   29580 0.00536003
   30090 0.00532456
   30600 0.00545505
   31110 0.0055254
   31620 0.0052026
   32130 0.00545469
   32640 0.00540899
   33150 0.0058708
   33660 0.00573189
   34170 0.00558852
   34680 0.0055745
   35190 0.00553152
   35700 0.00580699
   36210 0.00585244
   36720 0.00591856
   37230 0.00554368
   37740 0.00568464
   38250 0.00586017
   38760 0.00584593
   39270 0.00591452
   39780 0.00552157
   40290 0.00577796
   40800 0.00581902
   41310 0.00594178
   41820 0.0060786
   42330 0.00572635
   42840 0.005825
   43350 0.00558839
   43860 0.0058002
   44370 0.00535847
   44880 0.00532308
   45390 0.00516608
   45900 0.00500648
   46410 0.00495861
   46920 0.00489661
   47430 0.00485023
   47940 0.00464515
   48450 0.00478284
   48960 0.00454229
   49470 0.0046603
   49980 0.00433073
   50490 0.00453281
   51000 0.00458573
   51510 0.00450558
   52020 0.00476495
   52530 0.00439452
   53040 0.00462592
   53550 0.00424338
   54060 0.00445716
   54570 0.00410163
   55080 0.00404019
   55590 0.00379118
   56100 0.00368884
   56610 0.0036246
   57120 0.00394671
   57630 0.00417858
   58140 0.00423363
   58650 0.00424348
   59160 0.00422907
   59670 0.00420223
   60180 0.0043471
   60690 0.0043985
   61200 0.00429846
   61710 0.00445708
   62220 0.00460362
   62730 0.00460511
   63240 0.00479113
   63750 0.00464983
   64260 0.00448495
   64770 0.00463155
   65280 0.00459226
   65790 0.00456916
   66300 0.00457197
   66810 0.00413165
   67320 0.00400429
   67830 0.00390464
   68340 0.00389845
   68850 0.00379465
   69360 0.00376801
   69870 0.0037071
   70380 0.00381666
   70890 0.00367406
   71400 0.00386946
   71910 0.00367477
   72420 0.00370863
   72930 0.00354125
   73440 0.00385532
   73950 0.00367373
   74460 0.00388668
   74970 0.00368137
   75480 0.00362667
   75990 0.00397883
   76500 0.0039431
   77010 0.00392177
   77520 0.00393291
   78030 0.00395787
   78540 0.00394478
   79050 0.00429398
   79560 0.00387738
   80070 0.00440307
   80580 0.00400384
   81090 0.00451975
   81600 0.00425403
   82110 0.00449488
   82620 0.00433584
   83130 0.00434128
   83640 0.00436412
   84150 0.00433283
   84660 0.00448701
   85170 0.00434733
   85680 0.00448112
   86190 0.00455889
   86700 0.00456616
   87210 0.00458695
   87720 0.00466236
   88230 0.0044773
   88740 0.00475299
   89250 0.00463789
   89760 0.00480055
   90270 0.0045779
   90780 0.00479087
   91290 0.00472363
   91800 0.00464703
   92310 0.00480794
   92820 0.00443011
   93330 0.00467966
   93840 0.00414943
   94350 0.00429988
   94860 0.00388903
   95370 0.00377787
   95880 0.00357271
   96390 0.00345367
   96900 0.00370012
   97410 0.00346347
   97920 0.00367957
   98430 0.00368513
   98940 0.00361045
   99450 0.0038234
   99960 0.00376634
