     510 0.00208515
    1020 -0.00133089
    1530 -0.00193144
    2040 0.00697615
    2550 0.010132
    3060 0.00672171
    3570 -0.000429123
    4080 -0.00444949
    4590 0.00354761
    5100 0.00751355
    5610 0.00929892
    6120 0.0033791
    6630 -0.00234607
    7140 -0.00205983
    7650 0.005033
    8160 0.0107115
    8670 0.00719487
    9180 0.0022379
    9690 -0.00180407
   10200 0.00385862
   10710 0.00818131
   11220 0.00983111
   11730 0.00331191
   12240 -0.00278539
   12750 -0.0010771
   13260 0.00600099
   13770 0.00979143
   14280 0.00611405
   14790 0.000192618
   15300 -0.0028725
   15810 0.00352943
   16320 0.00902564
   16830 0.00983138
   17340 0.00477412
   17850 -0.000466419
   18360 0.00214405
   18870 0.0078111
   19380 0.0106323
   19890 0.00643322
   20400 0.000217634
   20910 -0.00123413
   21420 0.00491765
   21930 0.0096193
   22440 0.00881933
   22950 0.00333732
   23460 -0.000980865
   23970 0.00246658
   24480 0.00839297
   24990 0.0110579
   25500 0.00734044
   26010 0.00241394
   26520 0.00228959
   27030 0.00725904
   27540 0.0109406
   28050 0.00886988
   28560 0.00362133
   29070 0.000396885
   29580 0.00423518
   30090 0.00910517
   30600 0.0101524
   31110 0.00629453
   31620 0.0016728
   32130 0.00264786
   32640 0.00775321
   33150 0.0112625
   33660 0.00943201
   34170 0.00523169
   34680 0.00336233
   35190 0.00697115
   35700 0.0106169
   36210 0.0105031
   36720 0.00647452
   37230 0.00269313
   37740 0.00419925
   38250 0.00844948
   38760 0.0107171
   39270 0.0083233
   39780 0.00429655
   40290 0.00330964
   40800 0.00730138
   41310 0.0108748
   41820 0.010717
   42330 0.00734608
   42840 0.0049402
   43350 0.00690908
   43860 0.0105029
   44370 0.0113481
   44880 0.00845225
   45390 0.0049292
   45900 0.00473886
   46410 0.00822305
   46920 0.0107505
   47430 0.0097512
   47940 0.0063045
   48450 0.00462323
   48960 0.00700251
   49470 0.0104734
   49980 0.0113259
   50490 0.00885626
   51000 0.00643068
   51510 0.00718044
   52020 0.0103537
   52530 0.011812
   53040 0.0101446
   53550 0.00690343
   54060 0.00584465
   54570 0.00815632
   55080 0.0105942
   55590 0.0105458
   56100 0.00786314
   56610 0.00593179
   57120 0.00708597
   57630 0.0100828
   58140 0.0112944
   58650 0.00988863
   59160 0.00765001
   59670 0.00774933
   60180 0.0101899
   60690 0.0117957
   61200 0.0110817
   61710 0.00849777
   62220 0.0072601
   62730 0.0083536
   63240 0.0105206
   63750 0.0107769
   64260 0.0090123
   64770 0.00719044
   65280 0.00753007
   65790 0.00969321
   66300 0.0110156
   66810 0.0103106
   67320 0.00852285
   67830 0.00829424
   68340 0.00988736
   68850 0.0116342
   69360 0.0113858
   69870 0.00977899
   70380 0.00850518
   70890 0.00903559
   71400 0.0104319
   71910 0.0107131
   72420 0.00964843
   72930 0.00816823
   73440 0.00810088
   73950 0.00932626
   74460 0.0104462
   74970 0.0100688
   75480 0.00891278
   75990 0.00854435
   76500 0.00954827
   77010 0.0108274
   77520 0.0108885
   78030 0.0101848
   78540 0.00932455
   79050 0.00959868
   79560 0.0102676
   80070 0.0103572
   80580 0.00960619
   81090 0.00857764
   81600 0.00822753
   82110 0.00873335
   82620 0.00931207
   83130 0.00921678
   83640 0.00866636
   84150 0.00835384
   84660 0.0087716
   85170 0.00953067
   85680 0.0097971
   86190 0.00951258
   86700 0.0091241
   87210 0.00897914
   87720 0.00917259
   88230 0.00909253
   88740 0.00856995
   89250 0.00798052
   89760 0.00770884
   90270 0.00779812
   90780 0.00790568
   91290 0.00790577
   91800 0.00765644
   92310 0.00754318
   92820 0.0076115
   93330 0.00772771
   93840 0.00780352
   94350 0.00773301
   94860 0.00753087
   95370 0.00728186
   95880 0.00703967
   96390 0.00680333
   96900 0.00646872
   97410 0.00615089
   97920 0.00586579
   98430 0.00579516
   98940 0.00584541
   99450 0.00601706
   99960 0.00599554
