     510 0.00230454
    1020 -0.000940307
    1530 -0.00167372
    2040 0.00627512
    2550 0.00946016
    3060 0.00652252
    3570 9.88313e-05
    4080 -0.00353729
    4590 0.00350599
    5100 0.00758764
    5610 0.00863364
    6120 0.00296202
    6630 -0.0013787
    7140 -0.00136701
    7650 0.00600528
    8160 0.0104068
    8670 0.00724432
    9180 0.00152964
    9690 -0.00149274
   10200 0.00505028
   10710 0.00850225
   11220 0.00965367
   11730 0.00253224
   12240 -0.00193097
   12750 0.000311008
   13260 0.00769321
   13770 0.00978024
   14280 0.00495352
   14790 -0.000402111
   15300 -0.00160466
   15810 0.00559529
   16320 0.00968042
   16830 0.00944081
   17340 0.00252701
   17850 -0.000275581
   18360 0.00355951
   18870 0.00965116
   19380 0.0101828
   19890 0.00448919
   20400 -0.000311466
   20910 0.00074765
   21420 0.00751524
   21930 0.00994413
   22440 0.00753793
   22950 0.00108617
   23460 0.000211104
   23970 0.00523317
   24480 0.0105701
   24990 0.0101321
   25500 0.00486319
   26010 0.00158911
   26520 0.00422761
   27030 0.0097918
   27540 0.0104825
   28050 0.00666928
   28560 0.00159779
   29070 0.00226119
   29580 0.00716691
   30090 0.0104452
   30600 0.00850763
   31110 0.00348834
   31620 0.00194295
   32130 0.0056807
   32640 0.0106352
   33150 0.0106144
   33660 0.00691653
   34170 0.00347282
   34680 0.00549329
   35190 0.00974663
   35700 0.011172
   36210 0.00831185
   36720 0.00377647
   37230 0.0035447
   37740 0.00734286
   38250 0.0107527
   38760 0.00962957
   39270 0.00571064
   39780 0.00332082
   40290 0.00627526
   40800 0.0104498
   41310 0.0113212
   41820 0.00847835
   42330 0.0051681
   42840 0.00615617
   43350 0.00966564
   43860 0.0116421
   44370 0.00947112
   44880 0.00579575
   45390 0.00455147
   45900 0.0077432
   46410 0.010869
   46920 0.010439
   47430 0.00710278
   47940 0.00466109
   48450 0.00676014
   48960 0.0104274
   49470 0.0117775
   49980 0.00929911
   50490 0.00656571
   51000 0.00684149
   51510 0.0100774
   52020 0.0120084
   52530 0.0105017
   53040 0.0071619
   53550 0.00575406
   54060 0.00827136
   54570 0.0109864
   55080 0.0110509
   55590 0.00810147
   56100 0.00598041
   56610 0.00727463
   57120 0.0105788
   57630 0.0118465
   58140 0.010083
   58650 0.00758325
   59160 0.00767186
   59670 0.0103844
   60180 0.012175
   60690 0.0111506
   61200 0.00818827
   61710 0.00708327
   62220 0.0087451
   62730 0.0112745
   63240 0.011186
   63750 0.00888073
   64260 0.0069195
   64770 0.00797297
   65280 0.0107199
   65790 0.0117963
   66300 0.0104366
   66810 0.00819529
   67320 0.00840212
   67830 0.0105112
   68340 0.012315
   68850 0.011401
   69360 0.00919082
   69870 0.00807172
   70380 0.00946897
   70890 0.0113181
   71400 0.0113192
   71910 0.0094594
   72420 0.00784494
   72930 0.00860086
   73440 0.0106225
   73950 0.0116133
   74460 0.0104396
   74970 0.0089232
   75480 0.00889411
   75990 0.010652
   76500 0.0118612
   77010 0.0113371
   77520 0.00968516
   78030 0.00889235
   78540 0.00986947
   79050 0.0109926
   79560 0.0109421
   80070 0.00944064
   80580 0.00845334
   81090 0.008768
   81600 0.0100453
   82110 0.0104393
   82620 0.00950307
   83130 0.00825329
   83640 0.00813568
   84150 0.00897345
   84660 0.00941678
   85170 0.00898304
   85680 0.00782554
   86190 0.00750917
   86700 0.00801269
   87210 0.00871319
   87720 0.00843104
   88230 0.00747897
   88740 0.00690237
   89250 0.00717556
   89760 0.00796381
   90270 0.00806927
   90780 0.00755948
   91290 0.00686967
   91800 0.00695716
   92310 0.00747671
   92820 0.00772146
   93330 0.00743517
   93840 0.00667266
   94350 0.00622477
   94860 0.0062154
   95370 0.00657722
   95880 0.00630642
   96390 0.0056366
   96900 0.0048504
   97410 0.00469139
   97920 0.00506891
   98430 0.00535243
   98940 0.00500763
   99450 0.00440701
   99960 0.00432483
