     510 0.00188684
    1020 0.00697134
    1530 0.000997208
    2040 0.00724982
    2550 0.00100648
    3060 0.00616339
    3570 0.00298266
    4080 0.00520083
    4590 0.00369596
    5100 0.00346629
    5610 0.0044063
    6120 0.00309594
    6630 0.00517241
    7140 0.00207833
    7650 0.00512318
    8160 0.00241186
    8670 0.00507877
    9180 0.00335229
    9690 0.00423268
   10200 0.00372719
   10710 0.00306804
   11220 0.00441941
   11730 0.00345411
   12240 0.00481867
   12750 0.00304286
   13260 0.00467263
   13770 0.00341522
   14280 0.00473846
   14790 0.00407966
   15300 0.00385315
   15810 0.00406541
   16320 0.00375355
   16830 0.00518989
   17340 0.00424302
   17850 0.004626
   18360 0.00385324
   18870 0.00452071
   19380 0.00477468
   19890 0.00486995
   20400 0.00466643
   20910 0.00436181
   21420 0.00488695
   21930 0.00487923
   22440 0.00515107
   22950 0.00463065
   23460 0.00471128
   23970 0.00451242
   24480 0.00516994
   24990 0.0051906
   25500 0.00488529
   26010 0.00494251
   26520 0.00494344
   27030 0.0054762
   27540 0.00522697
   28050 0.00555296
   28560 0.00495934
   29070 0.00529328
   29580 0.00533746
   30090 0.0056563
   30600 0.00557133
   31110 0.00537617
   31620 0.00543381
   32130 0.00538325
   32640 0.0057875
   33150 0.00572011
   33660 0.00591994
   34170 0.00565261
   34680 0.00567384
   35190 0.00573012
   35700 0.00605035
   36210 0.00580181
   36720 0.00570868
   37230 0.00578418
   37740 0.00579733
   38250 0.00602303
   38760 0.00611118
   39270 0.00595447
   39780 0.00587137
   40290 0.00601216
   40800 0.0059708
   41310 0.00603306
   41820 0.00605868
   42330 0.00592278
   42840 0.00587394
   43350 0.00567954
   43860 0.00609601
   44370 0.00563126
   44880 0.00608014
   45390 0.00539821
   45900 0.00563446
   46410 0.00519665
   46920 0.00507722
   47430 0.00522102
   47940 0.00474882
   48450 0.00520687
   48960 0.00461115
   49470 0.00506152
   49980 0.00427562
   50490 0.00470747
   51000 0.00415375
   51510 0.0043546
   52020 0.00418059
   52530 0.00403202
   53040 0.00385426
   53550 0.00347329
   54060 0.00347182
   54570 0.00328295
   55080 0.00344563
   55590 0.00326275
   56100 0.00332156
   56610 0.00323478
   57120 0.00341746
   57630 0.00318761
   58140 0.00322947
   58650 0.00334496
   59160 0.00343952
   59670 0.00360141
   60180 0.00357084
   60690 0.00369479
   61200 0.00365326
   61710 0.00389466
   62220 0.00402219
   62730 0.00396251
   63240 0.00401306
   63750 0.00401764
   64260 0.00403442
   64770 0.00416042
   65280 0.00395578
   65790 0.00404159
   66300 0.00382384
   66810 0.00391069
   67320 0.00384037
   67830 0.00384134
   68340 0.00359492
   68850 0.00337923
   69360 0.00349069
   69870 0.00326103
   70380 0.00357067
   70890 0.00307706
   71400 0.00358314
   71910 0.00320689
   72420 0.00353838
   72930 0.00353909
   73440 0.00346627
   73950 0.00338704
   74460 0.00323631
   74970 0.00328415
   75480 0.00296627
   75990 0.00305698
   76500 0.00308955
   77010 0.00311814
   77520 0.00303668
   78030 0.00306508
   78540 0.00295263
   79050 0.00295905
   79560 0.00302859
   80070 0.00287622
   80580 0.00294576
   81090 0.00279377
   81600 0.00273932
   82110 0.00256089
   82620 0.00260637
   83130 0.00232115
   83640 0.00230829
   84150 0.00241862
   84660 0.00205937
   85170 0.00231068
   85680 0.00203728
   86190 0.00226339
   86700 0.00222979
   87210 0.002476
   87720 0.00233862
   88230 0.00251164
   88740 0.00258686
   89250 0.00259113
   89760 0.00272073
   90270 0.0028229
   90780 0.00316154
   91290 0.00297299
   91800 0.00312636
   92310 0.00298733
   92820 0.00319114
   93330 0.00315712
   93840 0.00317516
   94350 0.00327151
   94860 0.00316066
   95370 0.00319553
   95880 0.00302105
   96390 0.0031403
   96900 0.00329692
   97410 0.00315252
   97920 0.00316657
   98430 0.00301815
   98940 0.00324338
   99450 0.00303962
   99960 0.00314841
