     510 0.00208515
    1020 -0.00122575
    1530 -0.00179408
    2040 0.00711151
    2550 0.0102924
    3060 0.00697865
    3570 -9.37914e-05
    4080 -0.00402896
    4590 0.00394341
    5100 0.00795074
    5610 0.00972002
    6120 0.00382501
    6630 -0.00167758
    7140 -0.00138668
    7650 0.00569065
    8160 0.011266
    8670 0.00782184
    9180 0.00298719
    9690 -0.000899049
   10200 0.00494454
   10710 0.00906174
   11220 0.010596
   11730 0.00409405
   12240 -0.00162064
   12750 3.6155e-05
   13260 0.00724408
   13770 0.0107442
   14280 0.00711716
   14790 0.00117015
   15300 -0.00164757
   15810 0.00483235
   16320 0.0102478
   16830 0.0108231
   17340 0.00568675
   17850 0.000935292
   18360 0.00364808
   18870 0.00943733
   19380 0.0119266
   19890 0.00755227
   20400 0.00165781
   20910 0.00055861
   21420 0.0067185
   21930 0.0110965
   22440 0.0100066
   22950 0.00437991
   23460 0.000567525
   23970 0.00432089
   24480 0.0101509
   24990 0.012339
   25500 0.00833387
   26010 0.00370414
   26520 0.00425143
   27030 0.00958591
   27540 0.0126529
   28050 0.0102333
   28560 0.00498001
   29070 0.00250554
   29580 0.00663048
   30090 0.0111609
   30600 0.0114791
   31110 0.00715094
   31620 0.00308827
   32130 0.00481543
   32640 0.010061
   33150 0.0127505
   33660 0.010263
   34170 0.00607736
   34680 0.00541145
   35190 0.00963164
   35700 0.0128495
   36210 0.0119401
   36720 0.00770737
   37230 0.00472184
   37740 0.00701755
   38250 0.0110431
   38760 0.0120983
   39270 0.00905204
   39780 0.00540843
   40290 0.00559585
   40800 0.00965856
   41310 0.0123196
   41820 0.0113104
   42330 0.00786775
   42840 0.00659311
   43350 0.00935124
   43860 0.0125233
   44370 0.0127074
   44880 0.00958672
   45390 0.00708068
   45900 0.00787597
   46410 0.0109041
   46920 0.0121231
   47430 0.0102412
   47940 0.00726293
   48450 0.00678071
   48960 0.00940899
   49470 0.0116969
   49980 0.0114199
   50490 0.00897786
   51000 0.00785421
   51510 0.00940415
   52020 0.0118856
   52530 0.0123015
   53040 0.0104575
   53550 0.0084907
   54060 0.0088312
   54570 0.0106467
   55080 0.0114014
   55590 0.0100097
   56100 0.00774142
   56610 0.00711769
   57120 0.00846621
   57630 0.00981403
   58140 0.00937881
   58650 0.00789362
   59160 0.00701971
   59670 0.0078144
   60180 0.00923628
   60690 0.00934622
   61200 0.00811194
   61710 0.00680847
   62220 0.0071279
   62730 0.00815568
   63240 0.00855465
   63750 0.00775038
   64260 0.00653921
   64770 0.00625129
   65280 0.00682702
   65790 0.00737134
   66300 0.00716585
   66810 0.00628024
   67320 0.00595198
   67830 0.00626995
   68340 0.00706009
   68850 0.0072029
   69360 0.00683296
   69870 0.00632469
   70380 0.00635046
   70890 0.00663588
   71400 0.00680854
   71910 0.00645808
   72420 0.00583202
   72930 0.00560622
   73440 0.0057542
   73950 0.0061782
   74460 0.00619782
   74970 0.00585899
   75480 0.00555125
   75990 0.00575159
   76500 0.00619899
   77010 0.0063826
   77520 0.00621859
   78030 0.00574618
   78540 0.00568116
   79050 0.00593925
   79560 0.0061725
   80070 0.00588034
   80580 0.00540107
   81090 0.00502742
   81600 0.00517528
   82110 0.00561827
   82620 0.00579593
   83130 0.00554043
   83640 0.00515694
   84150 0.00528395
   84660 0.00558184
   85170 0.00593444
   85680 0.00569536
   86190 0.00541559
   86700 0.00515404
   87210 0.00532513
   87720 0.00535751
   88230 0.00513961
   88740 0.00474069
   89250 0.00457271
   89760 0.00471229
   90270 0.00507984
   90780 0.00512927
   91290 0.0049963
   91800 0.00495598
   92310 0.00509841
   92820 0.00536415
   93330 0.00551835
   93840 0.00539542
   94350 0.00522852
   94860 0.00516409
   95370 0.00534346
   95880 0.0053758
   96390 0.00515899
   96900 0.00499379
   97410 0.00494676
   97920 0.00508819
   98430 0.00528185
   98940 0.00549456
   99450 0.00551496
   99960 0.0056039
