     510 0.00151108
    1020 0.0075698
    1530 0.000655531
    2040 0.00757249
    2550 0.000732269
    3060 0.00625429
    3570 0.00181644
    4080 0.00561095
    4590 0.00265214
    5100 0.0043312
    5610 0.00292291
    6120 0.00333676
    6630 0.00388262
    7140 0.00275902
    7650 0.0041772
    8160 0.00218652
    8670 0.00440302
    9180 0.00251745
    9690 0.00442022
   10200 0.00249766
   10710 0.00398784
   11220 0.00293426
   11730 0.00418956
   12240 0.00365216
   12750 0.00351112
   13260 0.00359922
   13770 0.00318134
   14280 0.00440867
   14790 0.00316229
   15300 0.00439401
   15810 0.00311309
   16320 0.00433527
   16830 0.00356164
   17340 0.00495025
   17850 0.00380982
   18360 0.0043986
   18870 0.00403082
   19380 0.00433629
   19890 0.00463556
   20400 0.00456796
   20910 0.00455471
   21420 0.0043808
   21930 0.00498177
   22440 0.00477708
   22950 0.00511884
   23460 0.00467946
   23970 0.0045738
   24480 0.00476555
   24990 0.00487955
   25500 0.00499199
   26010 0.0047442
   26520 0.00479224
   27030 0.00468557
   27540 0.00515523
   28050 0.00521797
   28560 0.00499537
   29070 0.00511056
   29580 0.00496947
   30090 0.00547695
   30600 0.00528587
   31110 0.00546007
   31620 0.00536464
   32130 0.00521423
   32640 0.0055145
   33150 0.00537963
   33660 0.0054007
   34170 0.00550075
   34680 0.00558646
   35190 0.00527864
   35700 0.00557196
   36210 0.00549943
   36720 0.00580087
   37230 0.00566097
   37740 0.00554696
   38250 0.00541653
   38760 0.00568799
   39270 0.00571198
   39780 0.00569577
   40290 0.00567987
   40800 0.0055541
   41310 0.0057799
   41820 0.00561137
   42330 0.0058246
   42840 0.00549708
   43350 0.00562641
   43860 0.00526016
   44370 0.00522513
   44880 0.00461203
   45390 0.00468388
   45900 0.00449965
   46410 0.00444282
   46920 0.00439462
   47430 0.00443697
   47940 0.00413531
   48450 0.00415734
   48960 0.00429041
   49470 0.00420792
   49980 0.00439804
   50490 0.00428233
   51000 0.00438487
   51510 0.00396886
   52020 0.00402413
   52530 0.00385353
   53040 0.00397764
   53550 0.00386727
   54060 0.00398652
   54570 0.00392317
   55080 0.0035507
   55590 0.00386251
   56100 0.00375891
   56610 0.00398355
   57120 0.0037979
   57630 0.00413676
   58140 0.00392771
   58650 0.00407881
   59160 0.00406646
   59670 0.00385239
   60180 0.00423757
   60690 0.00403965
   61200 0.00435954
   61710 0.00421757
   62220 0.00442361
   62730 0.00438496
   63240 0.00468461
   63750 0.00474004
   64260 0.00457729
   64770 0.00455505
   65280 0.00456041
   65790 0.00467278
   66300 0.00460465
   66810 0.00456801
   67320 0.00460816
   67830 0.00466171
   68340 0.00483116
   68850 0.00483232
   69360 0.00472923
   69870 0.00494654
   70380 0.0049859
   70890 0.00508245
   71400 0.00498708
   71910 0.00494782
   72420 0.0049825
   72930 0.0049248
   73440 0.00504935
   73950 0.0050195
   74460 0.0049408
   74970 0.00459411
   75480 0.00473314
   75990 0.00464466
   76500 0.00480107
   77010 0.00480086
   77520 0.00476214
   78030 0.00490926
   78540 0.00501363
   79050 0.0051525
   79560 0.0047878
   80070 0.00516535
   80580 0.00500243
   81090 0.0050085
   81600 0.00486928
   82110 0.00474438
   82620 0.00483027
   83130 0.00462381
   83640 0.00451018
   84150 0.00463211
   84660 0.00471086
   85170 0.00477994
   85680 0.00449152
   86190 0.00457745
   86700 0.00417718
   87210 0.00449073
   87720 0.00445585
   88230 0.0047043
   88740 0.00461805
   89250 0.00455655
   89760 0.00490561
   90270 0.00470036
   90780 0.0049475
   91290 0.00447613
   91800 0.0048353
   92310 0.00461131
   92820 0.00471492
   93330 0.00458553
   93840 0.00438495
   94350 0.00457688
   94860 0.00427654
   95370 0.00482437
   95880 0.00425074
   96390 0.00452778
   96900 0.00450259
   97410 0.00431966
   97920 0.00443754
   98430 0.00425923
   98940 0.00431141
   99450 0.0042805
   99960 0.00451148
