     510 0.00151108
    1020 0.00754505
    1530 0.000601817
    2040 0.00751151
    2550 0.000629994
    3060 0.00617688
    3570 0.00164871
    4080 0.00549309
    4590 0.00246809
    5100 0.00416032
    5610 0.00253479
    6120 0.00319912
    6630 0.00376233
    7140 0.00244315
    7650 0.00369083
    8160 0.00195561
    8670 0.00402694
    9180 0.00205169
    9690 0.00402155
   10200 0.00206597
   10710 0.00363208
   11220 0.0023804
   11730 0.00383696
   12240 0.00297248
   12750 0.00349783
   13260 0.00284271
   13770 0.00311919
   14280 0.00335986
   14790 0.0031326
   15300 0.00354296
   15810 0.00316379
   16320 0.0033464
   16830 0.00346147
   17340 0.00385613
   17850 0.00337712
   18360 0.00372801
   18870 0.00321234
   19380 0.00376882
   19890 0.00376272
   20400 0.00390627
   20910 0.00377029
   21420 0.00388892
   21930 0.00402454
   22440 0.00395534
   22950 0.00430808
   23460 0.00387802
   23970 0.00390948
   24480 0.00398986
   24990 0.00406285
   25500 0.00420815
   26010 0.00437951
   26520 0.00419488
   27030 0.00421286
   27540 0.00443629
   28050 0.00443024
   28560 0.00444126
   29070 0.00443615
   29580 0.00449665
   30090 0.00442323
   30600 0.00452035
   31110 0.00461047
   31620 0.00460892
   32130 0.00469572
   32640 0.00443729
   33150 0.00476119
   33660 0.00462213
   34170 0.00487315
   34680 0.0046556
   35190 0.00474945
   35700 0.00495001
   36210 0.00494352
   36720 0.00490341
   37230 0.00492435
   37740 0.00484901
   38250 0.00505259
   38760 0.00508707
   39270 0.00517296
   39780 0.00485252
   40290 0.00515373
   40800 0.00510249
   41310 0.00514342
   41820 0.00525463
   42330 0.00518926
   42840 0.00527305
   43350 0.00486411
   43860 0.00537333
   44370 0.00502475
   44880 0.00539857
   45390 0.00521552
   45900 0.00536002
   46410 0.00534099
   46920 0.00523684
   47430 0.00537795
   47940 0.0054196
   48450 0.00536305
   48960 0.00535571
   49470 0.00521046
   49980 0.00492364
   50490 0.00507056
   51000 0.00495461
   51510 0.00511126
   52020 0.004912
   52530 0.00497028
   53040 0.00476087
   53550 0.00488195
   54060 0.00496503
   54570 0.00452763
   55080 0.00458587
   55590 0.0047134
   56100 0.0046853
   56610 0.00481552
   57120 0.00445294
   57630 0.00467846
   58140 0.00462136
   58650 0.00471099
   59160 0.00465717
   59670 0.00447837
   60180 0.00440516
   60690 0.00439133
   61200 0.00428123
   61710 0.00434421
   62220 0.00427738
   62730 0.00453603
   63240 0.00446179
   63750 0.00472241
   64260 0.00450284
   64770 0.00455191
   65280 0.00465804
   65790 0.00475028
   66300 0.00476692
   66810 0.00472015
   67320 0.00492978
   67830 0.00471354
   68340 0.0046823
   68850 0.00460822
   69360 0.00467486
   69870 0.00488113
   70380 0.00495008
   70890 0.00501395
   71400 0.00499642
   71910 0.0049777
   72420 0.00504037
   72930 0.00512307
   73440 0.00525429
   73950 0.00527082
   74460 0.005145
   74970 0.00521143
   75480 0.00513801
   75990 0.00519357
   76500 0.00518363
   77010 0.00507706
   77520 0.00518189
   78030 0.00511629
   78540 0.00525368
   79050 0.00511461
   79560 0.00539482
   80070 0.00522052
   80580 0.00522783
   81090 0.00541689
   81600 0.00535026
   82110 0.00562175
   82620 0.00532318
   83130 0.00529825
   83640 0.00515159
   84150 0.00537237
   84660 0.00534469
   85170 0.00507854
   85680 0.00523311
   86190 0.00486879
   86700 0.00491647
   87210 0.00462854
   87720 0.00458275
   88230 0.00474683
   88740 0.00456411
   89250 0.00458333
   89760 0.00419628
   90270 0.00415277
   90780 0.0039551
   91290 0.00378328
   91800 0.00380835
   92310 0.00379693
   92820 0.00380943
   93330 0.00399999
   93840 0.00387503
   94350 0.0039396
   94860 0.00423642
   95370 0.00398914
   95880 0.00426262
   96390 0.00399996
   96900 0.00427172
   97410 0.00421596
   97920 0.00430471
   98430 0.00439303
   98940 0.00424381
   99450 0.0044652
   99960 0.00438759
