     510 0.00169243
    1020 0.00725554
    1530 0.000758719
    2040 0.00736217
    2550 0.000718968
    3060 0.00622087
    3570 0.0023745
    4080 0.0051605
    4590 0.00291453
    5100 0.0036688
    5610 0.00336431
    6120 0.00317909
    6630 0.00432048
    7140 0.00206954
    7650 0.00432709
    8160 0.00179403
    8670 0.00467685
    9180 0.00206483
    9690 0.00430383
   10200 0.00207725
   10710 0.00380607
   11220 0.00293169
   11730 0.00378669
   12240 0.00343837
   12750 0.00267746
   13260 0.00361006
   13770 0.00252361
   14280 0.00456344
   14790 0.00277067
   15300 0.00422815
   15810 0.00278567
   16320 0.00404991
   16830 0.00350685
   17340 0.00385154
   17850 0.00389563
   18360 0.00341486
   18870 0.00409506
   19380 0.00360299
   19890 0.00430293
   20400 0.00343483
   20910 0.0042182
   21420 0.00340126
   21930 0.00456282
   22440 0.00397767
   22950 0.00444173
   23460 0.00380586
   23970 0.0043251
   24480 0.00430746
   24990 0.00459027
   25500 0.00445365
   26010 0.00411961
   26520 0.00457794
   27030 0.00431022
   27540 0.00491015
   28050 0.00416425
   28560 0.0046189
   29070 0.00438423
   29580 0.00481052
   30090 0.00455044
   30600 0.00463387
   31110 0.0044792
   31620 0.00478195
   32130 0.004711
   32640 0.00492657
   33150 0.00479623
   33660 0.00480382
   34170 0.00466889
   34680 0.00496476
   35190 0.005183
   35700 0.00515369
   36210 0.00480011
   36720 0.00497924
   37230 0.00479068
   37740 0.00502496
   38250 0.00512858
   38760 0.00502451
   39270 0.00499081
   39780 0.00501824
   40290 0.00503523
   40800 0.00534357
   41310 0.00537404
   41820 0.00527344
   42330 0.00526232
   42840 0.00526635
   43350 0.00534006
   43860 0.00540907
   44370 0.0053802
   44880 0.0051644
   45390 0.00532138
   45900 0.00534488
   46410 0.00569051
   46920 0.00557504
   47430 0.0053922
   47940 0.0054163
   48450 0.00533984
   48960 0.00568981
   49470 0.00551378
   49980 0.0056713
   50490 0.00561545
   51000 0.00564258
   51510 0.00563304
   52020 0.0058532
   52530 0.00557876
   53040 0.00558774
   53550 0.00557801
   54060 0.00569541
   54570 0.00574818
   55080 0.00578019
   55590 0.00554731
   56100 0.00584351
   56610 0.00576673
   57120 0.00577022
   57630 0.00598446
   58140 0.00558224
   58650 0.00590266
   59160 0.00569287
   59670 0.00601845
   60180 0.00577789
   60690 0.00600589
   61200 0.00577618
   61710 0.00583153
   62220 0.00586634
   62730 0.00584002
   63240 0.00591788
   63750 0.00583032
   64260 0.00596839
   64770 0.00562123
   65280 0.00559504
   65790 0.00527562
   66300 0.0054718
   66810 0.00514813
   67320 0.00521469
   67830 0.00499482
   68340 0.00469927
   68850 0.00458832
   69360 0.00421658
   69870 0.00445741
   70380 0.00432342
   70890 0.00460527
   71400 0.00446212
   71910 0.00433946
   72420 0.0044914
   72930 0.00424316
   73440 0.00452563
   73950 0.00424067
   74460 0.00452761
   74970 0.00429039
   75480 0.00431046
   75990 0.00415557
   76500 0.00400218
   77010 0.00424963
   77520 0.00418287
   78030 0.00416492
   78540 0.00437102
   79050 0.00421093
   79560 0.00413853
   80070 0.00397421
   80580 0.00411668
   81090 0.0039176
   81600 0.00404658
   82110 0.00376463
   82620 0.0039073
   83130 0.00367738
   83640 0.00377517
   84150 0.00333143
   84660 0.00358698
   85170 0.00339492
   85680 0.00358981
   86190 0.00351294
   86700 0.00370913
   87210 0.00359195
   87720 0.00369938
   88230 0.00361745
   88740 0.00391288
   89250 0.00371168
   89760 0.0037175
   90270 0.0035308
   90780 0.00394314
   91290 0.00393848
   91800 0.00405997
   92310 0.00388676
   92820 0.00388353
   93330 0.00408846
   93840 0.00406556
   94350 0.00429752
   94860 0.00396747
   95370 0.00423556
   95880 0.00417875
   96390 0.00429798
   96900 0.00436604
   97410 0.00416381
   97920 0.00437361
   98430 0.00426948
   98940 0.00453665
   99450 0.00419036
   99960 0.00458979
